3371
2582
2120
2661
9386
5776
5516
1789
2826
997
3371
2582
2120
2661
9386
5776
5516
1789
2826
997
3371
2582
2120
2661
9386
5776
5516
1789
2826
997
3371
2582
2120
2661
9386
5776
5516
1789
2826
997
3371
2582
2120
2661
9386
5776
5516
1789
2826
997
3371
2582
2120
2661
9386
5776
5516
1789
2826
997
3371
2582
2120
2661
9386
5776
5516
1789
2826
997
3371
2582
2120
2661
9386
5776
5516
1789
2826
997
3371
2582
2120
2661
9386
5776
5516
1789
2826
997
3371
2582
2120
2661
9386
5776
5516
1789
2826
997
3371
2582
2120
2661
9386
5776
5516
1789
2826
997
3371
2582
2120
2661
9386
5776
5516
1789
2826
997
3371
2582
2120
2661
9386
5776
5516
1789
2826
997
3371
2582
2120
2661
9386
5776
5516
1789
2826
997
3371
2582
2120
2661
9386
5776
5516
1789
2826
997
3371
2582
2120
2661
9386
5776
5516
1789
2826
997
3371
2582
2120
2661
9386
5776
5516
1789
2826
997
3371
2582
2120
2661
9386
5776
5516
1789
2826
997
3371
2582
2120
2661
9386
5776
5516
1789
2826
997
3371
2582
2120
2661
9386
5776
5516
1789
2826
997
3371
2582
2120
2661
9386
5776
5516
1789
2826
997
3371
2582
2120
2661
9386
5776
5516
1789
2826
997
3371
2582
2120
2661
9386
5776
5516
1789
2826
997
3371
2582
2120
2661
9386
5776
5516
1789
2826
997
3371
2582
2120
2661
9386
5776
5516
1789
2826
997
3371
2582
2120
2661
9386
5776
5516
1789
2826
997
3371
2582
2120
2661
9386
5776
5516
1789
2826
997
3371
2582
2120
2661
9386
5776
5516
1789
2826
997
3371
2582
2120
2661
9386
5776
5516
1789
2826
997
3371
2582
2120
2661
9386
5776
5516
1789
2826
997
